-0.06605178  0.06046293
 0.01193777  0.03680251
 0.0509666  -0.00340947
-0.08583726 -0.08106102
-0.00257777  0.00113906
-0.0427241  -0.00305499
-0.00657012  0.00103873
 0.02689165 -0.01384672
-0.06012632  0.02021067
-0.01005464 -0.03485277
-0.06047742 -0.02940259
 0.00514738  0.03558496
 0.05945697 -0.05547015
-0.16016907 -0.06439243
 0.00311287  0.01746741
-0.02005176 -0.03481675
 0.00303218  0.16299163
 0.03699417 -0.02780478
-0.05027217 -0.07552888
-0.00465833 -0.00229852
-0.01208136 -0.07190112
-0.00598597  0.01142515
-0.10376214  0.04707183
 0.08513993  0.08943791
 0.02663059  0.03015957
 0.00978415 -0.06777846
-0.0861815  -0.01247504
-0.04816151  0.03211135
-0.00320267  0.0309902 
-0.00053983 -0.00559053
-0.10298094 -0.05450383
 0.03364457  0.0835639 
-0.0437025  -0.01607815
-0.15334488 -0.00926249
 0.06843355 -0.13215822
 0.1671747   0.08942358
-0.08835034 -0.07803481
 0.01447675  0.01068425
-0.03711522  0.1004369 
 0.06136036 -0.08575308
 0.03984958 -0.00612598
-0.0303943   0.11840568
 0.01257161  0.0166054 
 0.09649843 -0.01504298
-0.00108045 -0.03562026
 0.0136595  -0.06932441
-0.00073591  0.00074896
-0.13670191  0.11491703
 0.00444489  0.01188738
 0.03155011 -0.02491074
 1.86037981 -0.71535788
-0.99936091  1.92768521
-1.27117001  1.44629577
-1.90850144  0.18405666
-1.7029868  1.029831 
 1.90340085 -0.34069916
 0.56631085 -2.03534751
-1.32711084 -1.34850537
 1.83027974 -0.4519463 
-0.11967431 -1.95255394
 1.78380995 -0.78821917
-2.09811428  0.63793434
-1.89898088 -0.88467731
 1.92910918 -0.56003118
 1.25039344 -1.40048526
-1.69574895  1.21215105
-1.8739507   0.31341178
 1.63098232 -0.8636269 
-0.74320794  1.98417943
-1.97132024  0.49160763
 0.79194252  1.9364014 
-1.93360438  0.62424437
 1.23525431  1.68054176
-1.0037886  -1.65415735
-1.08843341 -1.55316198
 1.84382035 -0.93680842
 0.38837562 -1.87996148
 1.7185413  -0.88065355
-1.00699622  1.67505842
 0.57377986  1.91775165
-1.47332606 -1.2996022 
-0.2290746   1.84836393
-1.00790586 -1.65251955
 1.76877903  0.17746745
-0.85375143 -1.87752769
-0.96834359  1.56433805
-0.4502864   1.83512546
 1.59097781 -1.22052565
 0.61811295  1.82416576
-2.06288577  0.62090022
-0.05137286  1.87000878
 0.38357045  1.99007719
 1.7286274   0.99807294
-0.7751295   1.71626958
 0.73662332  1.91557692
-1.95275938  0.34410251
-1.9997616  -0.56180634
-1.94322076 -0.74838247
-1.21152657  1.85588083
 0.25687638 -2.11813332
 2.01834438 -4.63142159
 3.60946187 -3.37628677
-4.77043742 -1.54437089
-2.32834371  4.3886794 
-2.1602358   4.58581534
 1.82103917  4.73110899
 4.91305805 -0.3762022 
-3.30605074 -3.56451982
 3.08710327  3.72986755
 4.82233946 -1.53595154
-4.68806769  1.35915267
 2.68839559  4.15551217
-3.86846704  3.07281705
 0.52595613 -4.96697398
-4.73335718 -0.83459081
 1.39946985 -4.81981526
 5.045168   -0.27002863
 1.85628196  4.65217342
 3.40930962  3.61478744
 4.96565942 -0.66311504
-4.99171106 -0.69531243
 2.1970273  -4.18059218
 0.59290771 -5.1616498 
 0.29299246  5.03048412
 0.63074605  4.89428311
 4.86325148  0.9794693 
 4.45123067  2.3838467 
 3.71915491  3.32444245
-1.44381389 -4.57448946
 3.81852716 -3.53920394
-1.17895313  4.84764387
 0.10706412 -5.1008938 
-0.66194323 -4.88616114
 1.34350038  4.97543851
-4.43536267  2.36954038
-3.91159301  3.21122887
-0.08482118 -4.89473978
 4.99783406 -1.1169014 
 1.16383006  4.93356628
-2.70668593  4.35805525
-2.0661161  -4.48408537
 1.57052842 -4.69624608
 4.78122166 -2.12059341
 2.90402895 -3.9392685 
 2.81555028 -4.11544794
 2.68563184  4.35168912
-4.44696088 -2.30702394
-4.90088351 -1.25207543
-4.13160191 -2.74445118
-0.53032412  5.00901005
